,SEASON_ID,Player_ID,Game_ID,GAME_DATE,MATCHUP,WL,MIN,FGM,FGA,FG_PCT,FG3M,FG3A,FG3_PCT,FTM,FTA,FT_PCT,OREB,DREB,REB,AST,STL,BLK,TOV,PF,PTS,PLUS_MINUS,VIDEO_AVAILABLE
0,22012,201943,0021201226,"APR 17, 2013",MIL @ OKC,W,23,6,14,0.429,5,8,0.625,0,0,0.0,0,2,2,2,0,0,2,2,17,-10,1
1,22012,201943,0021201207,"APR 15, 2013",MIL vs. DEN,L,29,1,11,0.091,0,5,0.0,2,2,1.0,2,1,3,4,0,0,1,3,4,-16,1
2,22012,201943,0021201166,"APR 10, 2013",MIL @ ORL,L,6,1,2,0.5,1,2,0.5,0,0,0.0,0,0,0,0,0,0,0,0,3,-8,1
3,22012,201943,0021201157,"APR 09, 2013",MIL @ MIA,L,36,10,16,0.625,4,9,0.444,6,6,1.0,0,3,3,4,1,0,4,5,30,-24,1
4,22012,201943,0021201142,"APR 06, 2013",MIL vs. TOR,W,28,7,14,0.5,2,4,0.5,0,1,0.0,1,1,2,7,3,0,0,1,16,21,1
5,22012,201943,0021201128,"APR 05, 2013",MIL @ NYK,L,37,9,20,0.45,4,10,0.4,3,5,0.6,2,2,4,3,1,0,2,1,25,-22,1
6,22012,201943,0021201116,"APR 03, 2013",MIL vs. MIN,L,36,6,14,0.429,0,4,0.0,1,1,1.0,1,2,3,8,3,0,3,1,13,-11,1
7,22012,201943,0021201102,"APR 01, 2013",MIL vs. CHA,W,24,6,15,0.4,4,9,0.444,3,3,1.0,0,3,3,6,0,0,1,1,19,8,1
8,22012,201943,0021201090,"MAR 30, 2013",MIL vs. OKC,L,38,3,13,0.231,2,8,0.25,0,0,0.0,0,1,1,4,0,0,2,2,8,-21,1
9,22012,201943,0021201071,"MAR 28, 2013",MIL vs. LAL,W,32,7,14,0.5,3,6,0.5,3,3,1.0,1,1,2,7,0,0,2,1,20,11,1
10,22012,201943,0021201058,"MAR 27, 2013",MIL @ PHI,L,17,0,3,0.0,0,2,0.0,0,0,0.0,0,0,0,3,1,0,0,2,0,-25,1
11,22012,201943,0021201040,"MAR 24, 2013",MIL vs. ATL,L,43,4,15,0.267,1,5,0.2,3,5,0.6,1,2,3,13,3,0,3,3,12,0,1
12,22012,201943,0021201024,"MAR 22, 2013",MIL @ IND,L,31,1,15,0.067,0,7,0.0,2,3,0.667,0,2,2,3,1,0,3,2,4,-22,1
13,22012,201943,0021201011,"MAR 20, 2013",MIL @ ATL,L,39,8,18,0.444,3,6,0.5,2,3,0.667,0,1,1,5,1,0,4,3,21,-8,1
14,22012,201943,0021201005,"MAR 19, 2013",MIL vs. POR,W,39,9,20,0.45,4,7,0.571,2,2,1.0,0,4,4,7,0,1,6,2,24,-3,1
15,22012,201943,0021200986,"MAR 17, 2013",MIL vs. ORL,W,44,4,15,0.267,3,8,0.375,4,5,0.8,1,1,2,14,2,0,1,4,15,3,1
16,22012,201943,0021200975,"MAR 15, 2013",MIL vs. MIA,L,41,6,15,0.4,3,7,0.429,6,7,0.857,2,3,5,6,0,1,4,0,21,-12,1
17,22012,201943,0021200957,"MAR 13, 2013",MIL @ WAS,L,41,2,8,0.25,0,3,0.0,4,4,1.0,0,3,3,10,2,0,2,1,8,-14,1
18,22012,201943,0021200953,"MAR 12, 2013",MIL vs. DAL,L,27,2,7,0.286,0,1,0.0,0,0,0.0,0,5,5,5,0,0,2,4,4,-21,1
19,22012,201943,0021200941,"MAR 10, 2013",MIL @ SAC,W,37,4,11,0.364,1,4,0.25,7,8,0.875,1,0,1,8,0,0,1,3,16,-8,1
20,22012,201943,0021200933,"MAR 09, 2013",MIL @ GSW,W,43,10,16,0.625,6,11,0.545,5,6,0.833,0,3,3,10,1,0,5,2,31,11,1
21,22012,201943,0021200911,"MAR 06, 2013",MIL @ LAC,L,39,6,12,0.5,5,10,0.5,1,1,1.0,0,1,1,12,1,0,1,4,18,-7,1
22,22012,201943,0021200890,"MAR 04, 2013",MIL vs. UTA,W,47,8,14,0.571,4,5,0.8,0,0,0.0,0,1,1,17,3,0,3,2,20,4,1
23,22012,201943,0021200878,"MAR 02, 2013",MIL vs. TOR,W,45,3,12,0.25,1,2,0.5,4,4,1.0,0,5,5,19,1,1,3,0,11,22,1
24,22012,201943,0021200856,"FEB 27, 2013",MIL @ HOU,W,30,3,8,0.375,2,5,0.4,0,0,0.0,0,4,4,6,0,0,1,4,8,1,1
25,22012,201943,0021200848,"FEB 26, 2013",MIL @ DAL,W,32,3,11,0.273,0,1,0.0,2,2,1.0,0,3,3,6,0,0,2,2,8,-5,1
26,22012,201943,0021200828,"FEB 23, 2013",MIL vs. ATL,L,30,4,11,0.364,1,4,0.25,2,2,1.0,1,1,2,5,1,0,2,3,11,-10,1
27,22012,201943,0021200803,"FEB 20, 2013",MIL vs. BKN,L,42,12,18,0.667,4,6,0.667,3,3,1.0,0,2,2,11,1,0,4,4,31,-3,1
28,22012,201943,0021200791,"FEB 19, 2013",MIL @ BKN,L,48,13,26,0.5,3,8,0.375,5,6,0.833,0,6,6,7,0,0,3,3,34,-3,1
29,22012,201943,0021200782,"FEB 13, 2013",MIL vs. PHI,W,42,8,21,0.381,2,8,0.25,3,3,1.0,2,2,4,5,4,0,4,1,21,5,1
30,22012,201943,0021200767,"FEB 11, 2013",MIL vs. WAS,L,39,3,17,0.176,1,7,0.143,0,2,0.0,0,1,1,7,1,0,1,0,7,-3,0
31,22012,201943,0021200749,"FEB 09, 2013",MIL vs. DET,L,38,8,27,0.296,4,10,0.4,6,6,1.0,0,2,2,7,3,0,3,1,26,-8,1
32,22012,201943,0021200732,"FEB 06, 2013",MIL @ UTA,L,35,5,16,0.313,2,4,0.5,5,9,0.556,1,4,5,4,4,0,3,1,17,-5,0
33,22012,201943,0021200719,"FEB 05, 2013",MIL @ DEN,L,40,5,15,0.333,0,3,0.0,2,5,0.4,0,2,2,10,3,1,7,2,12,-7,1
34,22012,201943,0021200701,"FEB 02, 2013",MIL vs. ORL,W,33,8,16,0.5,2,7,0.286,2,2,1.0,0,1,1,5,1,0,1,1,20,13,1
35,22012,201943,0021200688,"FEB 01, 2013",MIL @ NYK,L,37,5,18,0.278,2,6,0.333,2,2,1.0,0,1,1,6,0,0,2,2,14,-11,1
36,22012,201943,0021200676,"JAN 30, 2013",MIL vs. CHI,L,40,6,18,0.333,2,5,0.4,1,2,0.5,1,1,2,8,1,0,3,5,15,-7,1
37,22012,201943,0021200667,"JAN 29, 2013",MIL @ DET,W,30,11,19,0.579,5,8,0.625,3,6,0.5,0,2,2,6,1,0,2,1,30,10,1
38,22012,201943,0021200647,"JAN 26, 2013",MIL vs. GSW,W,38,6,15,0.4,5,8,0.625,3,4,0.75,3,3,6,7,0,0,1,2,20,1,1
39,22012,201943,0021200635,"JAN 25, 2013",MIL @ CLE,L,32,5,19,0.263,4,10,0.4,0,1,0.0,1,2,3,12,1,0,3,6,14,-13,1
40,22012,201943,0021200616,"JAN 22, 2013",MIL vs. PHI,W,39,8,17,0.471,3,6,0.5,6,6,1.0,1,0,1,7,3,0,4,0,25,9,0
41,22012,201943,0021200599,"JAN 19, 2013",MIL @ POR,W,37,9,20,0.45,0,4,0.0,12,15,0.8,1,1,2,8,3,0,5,0,30,5,1
42,22012,201943,0021200582,"JAN 17, 2013",MIL @ PHX,W,29,6,14,0.429,2,5,0.4,2,3,0.667,1,4,5,4,0,0,5,0,16,-3,1
43,22012,201943,0021200569,"JAN 15, 2013",MIL @ LAL,L,29,4,14,0.286,1,7,0.143,3,3,1.0,0,1,1,1,1,0,2,1,12,-22,0
44,22012,201943,0021200550,"JAN 13, 2013",MIL @ TOR,W,32,5,13,0.385,2,5,0.4,7,7,1.0,2,2,4,10,0,0,2,2,19,6,1
45,22012,201943,0021200537,"JAN 11, 2013",MIL vs. DET,L,29,5,13,0.385,1,4,0.25,4,5,0.8,1,2,3,1,2,0,0,3,15,-14,1
46,22012,201943,0021200520,"JAN 09, 2013",MIL @ CHI,W,40,12,24,0.5,5,10,0.5,6,7,0.857,1,5,6,6,1,0,4,3,35,-1,1
47,22012,201943,0021200513,"JAN 08, 2013",MIL vs. PHX,W,37,9,15,0.6,5,7,0.714,6,6,1.0,2,1,3,9,1,1,2,3,29,4,1
48,22012,201943,0021200491,"JAN 05, 2013",MIL @ IND,L,33,4,15,0.267,1,5,0.2,3,4,0.75,0,4,4,5,3,0,2,1,12,-6,1
49,22012,201943,0021200486,"JAN 04, 2013",MIL vs. HOU,L,38,6,15,0.4,2,3,0.667,2,2,1.0,0,3,3,7,3,0,4,2,16,-11,1
50,22012,201943,0021200470,"JAN 02, 2013",MIL vs. SAS,L,44,13,26,0.5,1,5,0.2,4,4,1.0,0,0,0,5,1,2,5,2,31,-14,1
51,22012,201943,0021200448,"DEC 30, 2012",MIL @ DET,L,38,3,12,0.25,1,4,0.25,2,2,1.0,1,5,6,4,0,0,1,2,9,4,1
52,22012,201943,0021200445,"DEC 29, 2012",MIL vs. MIA,W,42,8,16,0.5,2,7,0.286,7,7,1.0,1,1,2,7,4,0,0,2,25,15,1
53,22012,201943,0021200415,"DEC 26, 2012",MIL vs. BKN,W,42,9,15,0.6,3,4,0.75,4,4,1.0,1,3,4,6,1,0,5,2,25,14,1
54,22012,201943,0021200395,"DEC 22, 2012",MIL vs. CLE,L,38,3,13,0.231,1,6,0.167,0,0,0.0,0,4,4,3,0,0,0,2,7,-13,1
55,22012,201943,0021200382,"DEC 21, 2012",MIL @ BOS,W,48,4,11,0.364,2,5,0.4,2,4,0.5,4,7,11,8,2,0,7,1,12,7,1
56,22012,201943,0021200374,"DEC 19, 2012",MIL @ MEM,L,42,9,26,0.346,3,9,0.333,5,8,0.625,4,3,7,2,1,0,4,1,26,-22,1
57,22012,201943,0021200361,"DEC 18, 2012",MIL vs. IND,W,44,13,22,0.591,2,4,0.5,6,9,0.667,2,3,5,6,0,0,3,4,34,7,1
58,22012,201943,0021200343,"DEC 15, 2012",MIL vs. LAC,L,31,3,13,0.231,1,6,0.167,2,2,1.0,0,1,1,3,1,0,4,4,9,-17,1
59,22012,201943,0021200329,"DEC 14, 2012",MIL @ CLE,W,42,5,20,0.25,2,9,0.222,4,4,1.0,1,0,1,8,3,0,3,1,16,3,1
60,22012,201943,0021200316,"DEC 12, 2012",MIL vs. SAC,W,42,8,21,0.381,2,8,0.25,1,1,1.0,3,1,4,3,1,0,2,3,19,9,1
61,22012,201943,0021200293,"DEC 09, 2012",MIL @ BKN,W,41,8,19,0.421,4,7,0.571,6,6,1.0,2,4,6,7,5,0,2,2,26,4,1
62,22012,201943,0021200277,"DEC 07, 2012",MIL vs. CHA,W,36,5,16,0.313,1,5,0.2,4,5,0.8,1,1,2,8,3,0,2,0,15,18,1
63,22012,201943,0021200264,"DEC 05, 2012",MIL @ SAS,L,39,5,15,0.333,1,2,0.5,3,3,1.0,0,2,2,4,1,0,2,3,14,-10,1
64,22012,201943,0021200247,"DEC 03, 2012",MIL @ NOH,L,43,10,23,0.435,5,10,0.5,0,2,0.0,1,1,2,3,1,0,2,1,25,-18,1
65,22012,201943,0021200238,"DEC 01, 2012",MIL vs. BOS,W,40,5,12,0.417,3,5,0.6,0,0,0.0,1,5,6,2,0,0,2,2,13,-8,1
66,22012,201943,0021200230,"NOV 30, 2012",MIL @ MIN,L,35,6,19,0.316,3,6,0.5,3,4,0.75,1,5,6,4,1,1,3,1,18,-6,1
67,22012,201943,0021200215,"NOV 28, 2012",MIL vs. NYK,L,29,6,8,0.75,2,2,1.0,4,4,1.0,0,3,3,5,0,0,3,1,18,-24,1
68,22012,201943,0021200199,"NOV 26, 2012",MIL @ CHI,W,26,2,9,0.222,0,0,0.0,2,2,1.0,1,0,1,4,0,0,2,1,6,-14,1
69,22012,201943,0021200188,"NOV 24, 2012",MIL vs. CHI,L,38,10,20,0.5,1,5,0.2,2,4,0.5,0,1,1,7,5,0,3,1,23,-6,1
70,22012,201943,0021200163,"NOV 21, 2012",MIL @ MIA,L,49,9,25,0.36,1,8,0.125,0,0,0.0,1,6,7,6,5,0,0,3,19,-3,1
71,22012,201943,0021200148,"NOV 19, 2012",MIL @ CHA,L,33,5,18,0.278,0,4,0.0,0,0,0.0,1,3,4,5,2,0,2,0,10,-14,1
72,22012,201943,0021200136,"NOV 17, 2012",MIL vs. NOH,W,41,8,16,0.5,4,7,0.571,2,3,0.667,1,1,2,9,4,0,1,2,22,11,1
73,22012,201943,0021200111,"NOV 14, 2012",MIL vs. IND,W,29,6,12,0.5,2,6,0.333,2,2,1.0,0,3,3,4,1,0,0,1,16,25,1
74,22012,201943,0021200096,"NOV 12, 2012",MIL @ PHI,W,38,12,21,0.571,4,9,0.444,5,5,1.0,0,5,5,8,4,1,1,3,33,25,1
75,22012,201943,0021200086,"NOV 10, 2012",MIL vs. BOS,L,42,1,11,0.091,1,7,0.143,1,2,0.5,1,3,4,5,2,0,3,4,4,-9,1
76,22012,201943,0021200068,"NOV 09, 2012",MIL @ WAS,W,31,5,9,0.556,0,0,0.0,2,2,1.0,0,1,1,7,3,0,6,1,12,-2,1
77,22012,201943,0021200057,"NOV 07, 2012",MIL vs. MEM,L,37,6,20,0.3,2,4,0.5,5,5,1.0,1,2,3,5,4,0,2,1,19,-16,1
78,22012,201943,0021200033,"NOV 03, 2012",MIL vs. CLE,W,37,5,13,0.385,1,5,0.2,2,2,1.0,0,4,4,13,2,1,4,0,13,-14,1
79,22012,201943,0021200017,"NOV 02, 2012",MIL @ BOS,W,29,9,17,0.529,1,3,0.333,2,3,0.667,0,2,2,13,6,0,2,2,21,12,1
80,22012,201943,0021201226,"APR 17, 2013",MIL @ OKC,W,23,6,14,0.429,5,8,0.625,0,0,0.0,0,2,2,2,0,0,2,2,17,-10,1
81,22012,201943,0021201207,"APR 15, 2013",MIL vs. DEN,L,29,1,11,0.091,0,5,0.0,2,2,1.0,2,1,3,4,0,0,1,3,4,-16,1
82,22012,201943,0021201166,"APR 10, 2013",MIL @ ORL,L,6,1,2,0.5,1,2,0.5,0,0,0.0,0,0,0,0,0,0,0,0,3,-8,1
83,22012,201943,0021201157,"APR 09, 2013",MIL @ MIA,L,36,10,16,0.625,4,9,0.444,6,6,1.0,0,3,3,4,1,0,4,5,30,-24,1
84,22012,201943,0021201142,"APR 06, 2013",MIL vs. TOR,W,28,7,14,0.5,2,4,0.5,0,1,0.0,1,1,2,7,3,0,0,1,16,21,1
85,22012,201943,0021201128,"APR 05, 2013",MIL @ NYK,L,37,9,20,0.45,4,10,0.4,3,5,0.6,2,2,4,3,1,0,2,1,25,-22,1
86,22012,201943,0021201116,"APR 03, 2013",MIL vs. MIN,L,36,6,14,0.429,0,4,0.0,1,1,1.0,1,2,3,8,3,0,3,1,13,-11,1
87,22012,201943,0021201102,"APR 01, 2013",MIL vs. CHA,W,24,6,15,0.4,4,9,0.444,3,3,1.0,0,3,3,6,0,0,1,1,19,8,1
88,22012,201943,0021201090,"MAR 30, 2013",MIL vs. OKC,L,38,3,13,0.231,2,8,0.25,0,0,0.0,0,1,1,4,0,0,2,2,8,-21,1
89,22012,201943,0021201071,"MAR 28, 2013",MIL vs. LAL,W,32,7,14,0.5,3,6,0.5,3,3,1.0,1,1,2,7,0,0,2,1,20,11,1
90,22012,201943,0021201058,"MAR 27, 2013",MIL @ PHI,L,17,0,3,0.0,0,2,0.0,0,0,0.0,0,0,0,3,1,0,0,2,0,-25,1
91,22012,201943,0021201040,"MAR 24, 2013",MIL vs. ATL,L,43,4,15,0.267,1,5,0.2,3,5,0.6,1,2,3,13,3,0,3,3,12,0,1
92,22012,201943,0021201024,"MAR 22, 2013",MIL @ IND,L,31,1,15,0.067,0,7,0.0,2,3,0.667,0,2,2,3,1,0,3,2,4,-22,1
93,22012,201943,0021201011,"MAR 20, 2013",MIL @ ATL,L,39,8,18,0.444,3,6,0.5,2,3,0.667,0,1,1,5,1,0,4,3,21,-8,1
94,22012,201943,0021201005,"MAR 19, 2013",MIL vs. POR,W,39,9,20,0.45,4,7,0.571,2,2,1.0,0,4,4,7,0,1,6,2,24,-3,1
95,22012,201943,0021200986,"MAR 17, 2013",MIL vs. ORL,W,44,4,15,0.267,3,8,0.375,4,5,0.8,1,1,2,14,2,0,1,4,15,3,1
96,22012,201943,0021200975,"MAR 15, 2013",MIL vs. MIA,L,41,6,15,0.4,3,7,0.429,6,7,0.857,2,3,5,6,0,1,4,0,21,-12,1
97,22012,201943,0021200957,"MAR 13, 2013",MIL @ WAS,L,41,2,8,0.25,0,3,0.0,4,4,1.0,0,3,3,10,2,0,2,1,8,-14,1
98,22012,201943,0021200953,"MAR 12, 2013",MIL vs. DAL,L,27,2,7,0.286,0,1,0.0,0,0,0.0,0,5,5,5,0,0,2,4,4,-21,1
99,22012,201943,0021200941,"MAR 10, 2013",MIL @ SAC,W,37,4,11,0.364,1,4,0.25,7,8,0.875,1,0,1,8,0,0,1,3,16,-8,1
100,22012,201943,0021200933,"MAR 09, 2013",MIL @ GSW,W,43,10,16,0.625,6,11,0.545,5,6,0.833,0,3,3,10,1,0,5,2,31,11,1
101,22012,201943,0021200911,"MAR 06, 2013",MIL @ LAC,L,39,6,12,0.5,5,10,0.5,1,1,1.0,0,1,1,12,1,0,1,4,18,-7,1
102,22012,201943,0021200890,"MAR 04, 2013",MIL vs. UTA,W,47,8,14,0.571,4,5,0.8,0,0,0.0,0,1,1,17,3,0,3,2,20,4,1
103,22012,201943,0021200878,"MAR 02, 2013",MIL vs. TOR,W,45,3,12,0.25,1,2,0.5,4,4,1.0,0,5,5,19,1,1,3,0,11,22,1
104,22012,201943,0021200856,"FEB 27, 2013",MIL @ HOU,W,30,3,8,0.375,2,5,0.4,0,0,0.0,0,4,4,6,0,0,1,4,8,1,1
105,22012,201943,0021200848,"FEB 26, 2013",MIL @ DAL,W,32,3,11,0.273,0,1,0.0,2,2,1.0,0,3,3,6,0,0,2,2,8,-5,1
106,22012,201943,0021200828,"FEB 23, 2013",MIL vs. ATL,L,30,4,11,0.364,1,4,0.25,2,2,1.0,1,1,2,5,1,0,2,3,11,-10,1
107,22012,201943,0021200803,"FEB 20, 2013",MIL vs. BKN,L,42,12,18,0.667,4,6,0.667,3,3,1.0,0,2,2,11,1,0,4,4,31,-3,1
108,22012,201943,0021200791,"FEB 19, 2013",MIL @ BKN,L,48,13,26,0.5,3,8,0.375,5,6,0.833,0,6,6,7,0,0,3,3,34,-3,1
109,22012,201943,0021200782,"FEB 13, 2013",MIL vs. PHI,W,42,8,21,0.381,2,8,0.25,3,3,1.0,2,2,4,5,4,0,4,1,21,5,1
110,22012,201943,0021200767,"FEB 11, 2013",MIL vs. WAS,L,39,3,17,0.176,1,7,0.143,0,2,0.0,0,1,1,7,1,0,1,0,7,-3,0
111,22012,201943,0021200749,"FEB 09, 2013",MIL vs. DET,L,38,8,27,0.296,4,10,0.4,6,6,1.0,0,2,2,7,3,0,3,1,26,-8,1
112,22012,201943,0021200732,"FEB 06, 2013",MIL @ UTA,L,35,5,16,0.313,2,4,0.5,5,9,0.556,1,4,5,4,4,0,3,1,17,-5,0
113,22012,201943,0021200719,"FEB 05, 2013",MIL @ DEN,L,40,5,15,0.333,0,3,0.0,2,5,0.4,0,2,2,10,3,1,7,2,12,-7,1
114,22012,201943,0021200701,"FEB 02, 2013",MIL vs. ORL,W,33,8,16,0.5,2,7,0.286,2,2,1.0,0,1,1,5,1,0,1,1,20,13,1
115,22012,201943,0021200688,"FEB 01, 2013",MIL @ NYK,L,37,5,18,0.278,2,6,0.333,2,2,1.0,0,1,1,6,0,0,2,2,14,-11,1
116,22012,201943,0021200676,"JAN 30, 2013",MIL vs. CHI,L,40,6,18,0.333,2,5,0.4,1,2,0.5,1,1,2,8,1,0,3,5,15,-7,1
117,22012,201943,0021200667,"JAN 29, 2013",MIL @ DET,W,30,11,19,0.579,5,8,0.625,3,6,0.5,0,2,2,6,1,0,2,1,30,10,1
118,22012,201943,0021200647,"JAN 26, 2013",MIL vs. GSW,W,38,6,15,0.4,5,8,0.625,3,4,0.75,3,3,6,7,0,0,1,2,20,1,1
119,22012,201943,0021200635,"JAN 25, 2013",MIL @ CLE,L,32,5,19,0.263,4,10,0.4,0,1,0.0,1,2,3,12,1,0,3,6,14,-13,1
120,22012,201943,0021200616,"JAN 22, 2013",MIL vs. PHI,W,39,8,17,0.471,3,6,0.5,6,6,1.0,1,0,1,7,3,0,4,0,25,9,0
121,22012,201943,0021200599,"JAN 19, 2013",MIL @ POR,W,37,9,20,0.45,0,4,0.0,12,15,0.8,1,1,2,8,3,0,5,0,30,5,1
122,22012,201943,0021200582,"JAN 17, 2013",MIL @ PHX,W,29,6,14,0.429,2,5,0.4,2,3,0.667,1,4,5,4,0,0,5,0,16,-3,1
123,22012,201943,0021200569,"JAN 15, 2013",MIL @ LAL,L,29,4,14,0.286,1,7,0.143,3,3,1.0,0,1,1,1,1,0,2,1,12,-22,0
124,22012,201943,0021200550,"JAN 13, 2013",MIL @ TOR,W,32,5,13,0.385,2,5,0.4,7,7,1.0,2,2,4,10,0,0,2,2,19,6,1
125,22012,201943,0021200537,"JAN 11, 2013",MIL vs. DET,L,29,5,13,0.385,1,4,0.25,4,5,0.8,1,2,3,1,2,0,0,3,15,-14,1
126,22012,201943,0021200520,"JAN 09, 2013",MIL @ CHI,W,40,12,24,0.5,5,10,0.5,6,7,0.857,1,5,6,6,1,0,4,3,35,-1,1
127,22012,201943,0021200513,"JAN 08, 2013",MIL vs. PHX,W,37,9,15,0.6,5,7,0.714,6,6,1.0,2,1,3,9,1,1,2,3,29,4,1
128,22012,201943,0021200491,"JAN 05, 2013",MIL @ IND,L,33,4,15,0.267,1,5,0.2,3,4,0.75,0,4,4,5,3,0,2,1,12,-6,1
129,22012,201943,0021200486,"JAN 04, 2013",MIL vs. HOU,L,38,6,15,0.4,2,3,0.667,2,2,1.0,0,3,3,7,3,0,4,2,16,-11,1
130,22012,201943,0021200470,"JAN 02, 2013",MIL vs. SAS,L,44,13,26,0.5,1,5,0.2,4,4,1.0,0,0,0,5,1,2,5,2,31,-14,1
131,22012,201943,0021200448,"DEC 30, 2012",MIL @ DET,L,38,3,12,0.25,1,4,0.25,2,2,1.0,1,5,6,4,0,0,1,2,9,4,1
132,22012,201943,0021200445,"DEC 29, 2012",MIL vs. MIA,W,42,8,16,0.5,2,7,0.286,7,7,1.0,1,1,2,7,4,0,0,2,25,15,1
133,22012,201943,0021200415,"DEC 26, 2012",MIL vs. BKN,W,42,9,15,0.6,3,4,0.75,4,4,1.0,1,3,4,6,1,0,5,2,25,14,1
134,22012,201943,0021200395,"DEC 22, 2012",MIL vs. CLE,L,38,3,13,0.231,1,6,0.167,0,0,0.0,0,4,4,3,0,0,0,2,7,-13,1
135,22012,201943,0021200382,"DEC 21, 2012",MIL @ BOS,W,48,4,11,0.364,2,5,0.4,2,4,0.5,4,7,11,8,2,0,7,1,12,7,1
136,22012,201943,0021200374,"DEC 19, 2012",MIL @ MEM,L,42,9,26,0.346,3,9,0.333,5,8,0.625,4,3,7,2,1,0,4,1,26,-22,1
137,22012,201943,0021200361,"DEC 18, 2012",MIL vs. IND,W,44,13,22,0.591,2,4,0.5,6,9,0.667,2,3,5,6,0,0,3,4,34,7,1
138,22012,201943,0021200343,"DEC 15, 2012",MIL vs. LAC,L,31,3,13,0.231,1,6,0.167,2,2,1.0,0,1,1,3,1,0,4,4,9,-17,1
139,22012,201943,0021200329,"DEC 14, 2012",MIL @ CLE,W,42,5,20,0.25,2,9,0.222,4,4,1.0,1,0,1,8,3,0,3,1,16,3,1
140,22012,201943,0021200316,"DEC 12, 2012",MIL vs. SAC,W,42,8,21,0.381,2,8,0.25,1,1,1.0,3,1,4,3,1,0,2,3,19,9,1
141,22012,201943,0021200293,"DEC 09, 2012",MIL @ BKN,W,41,8,19,0.421,4,7,0.571,6,6,1.0,2,4,6,7,5,0,2,2,26,4,1
142,22012,201943,0021200277,"DEC 07, 2012",MIL vs. CHA,W,36,5,16,0.313,1,5,0.2,4,5,0.8,1,1,2,8,3,0,2,0,15,18,1
143,22012,201943,0021200264,"DEC 05, 2012",MIL @ SAS,L,39,5,15,0.333,1,2,0.5,3,3,1.0,0,2,2,4,1,0,2,3,14,-10,1
144,22012,201943,0021200247,"DEC 03, 2012",MIL @ NOH,L,43,10,23,0.435,5,10,0.5,0,2,0.0,1,1,2,3,1,0,2,1,25,-18,1
145,22012,201943,0021200238,"DEC 01, 2012",MIL vs. BOS,W,40,5,12,0.417,3,5,0.6,0,0,0.0,1,5,6,2,0,0,2,2,13,-8,1
146,22012,201943,0021200230,"NOV 30, 2012",MIL @ MIN,L,35,6,19,0.316,3,6,0.5,3,4,0.75,1,5,6,4,1,1,3,1,18,-6,1
147,22012,201943,0021200215,"NOV 28, 2012",MIL vs. NYK,L,29,6,8,0.75,2,2,1.0,4,4,1.0,0,3,3,5,0,0,3,1,18,-24,1
148,22012,201943,0021200199,"NOV 26, 2012",MIL @ CHI,W,26,2,9,0.222,0,0,0.0,2,2,1.0,1,0,1,4,0,0,2,1,6,-14,1
149,22012,201943,0021200188,"NOV 24, 2012",MIL vs. CHI,L,38,10,20,0.5,1,5,0.2,2,4,0.5,0,1,1,7,5,0,3,1,23,-6,1
150,22012,201943,0021200163,"NOV 21, 2012",MIL @ MIA,L,49,9,25,0.36,1,8,0.125,0,0,0.0,1,6,7,6,5,0,0,3,19,-3,1
151,22012,201943,0021200148,"NOV 19, 2012",MIL @ CHA,L,33,5,18,0.278,0,4,0.0,0,0,0.0,1,3,4,5,2,0,2,0,10,-14,1
152,22012,201943,0021200136,"NOV 17, 2012",MIL vs. NOH,W,41,8,16,0.5,4,7,0.571,2,3,0.667,1,1,2,9,4,0,1,2,22,11,1
153,22012,201943,0021200111,"NOV 14, 2012",MIL vs. IND,W,29,6,12,0.5,2,6,0.333,2,2,1.0,0,3,3,4,1,0,0,1,16,25,1
154,22012,201943,0021200096,"NOV 12, 2012",MIL @ PHI,W,38,12,21,0.571,4,9,0.444,5,5,1.0,0,5,5,8,4,1,1,3,33,25,1
155,22012,201943,0021200086,"NOV 10, 2012",MIL vs. BOS,L,42,1,11,0.091,1,7,0.143,1,2,0.5,1,3,4,5,2,0,3,4,4,-9,1
156,22012,201943,0021200068,"NOV 09, 2012",MIL @ WAS,W,31,5,9,0.556,0,0,0.0,2,2,1.0,0,1,1,7,3,0,6,1,12,-2,1
157,22012,201943,0021200057,"NOV 07, 2012",MIL vs. MEM,L,37,6,20,0.3,2,4,0.5,5,5,1.0,1,2,3,5,4,0,2,1,19,-16,1
158,22012,201943,0021200033,"NOV 03, 2012",MIL vs. CLE,W,37,5,13,0.385,1,5,0.2,2,2,1.0,0,4,4,13,2,1,4,0,13,-14,1
159,22012,201943,0021200017,"NOV 02, 2012",MIL @ BOS,W,29,9,17,0.529,1,3,0.333,2,3,0.667,0,2,2,13,6,0,2,2,21,12,1
